%YAML:1.0
---
calibration_time: "20250220_080823"
image_width: 640
image_height: 480
board_width: 9
board_height: 6
square_size: 0.02500000037252903
num_images: 20
camera_matrix: !!opencv-matrix
   rows: 3
   cols: 3
   dt: d
   data: [ 400.97966877211616, 0., 319.5, 0., 400.48857574214765, 239.5,
       0., 0., 1. ]
distortion_coefficients: !!opencv-matrix
   rows: 5
   cols: 1
   dt: d
   data: [ -0.023470440332778814, -0.029806235888881916,
       -0.0045441292901594104, 3.1402259974932968e-05,
       0.074062819267919855 ]
avg_reprojection_error: 0.28709322293704526
per_view_reprojection_errors: [ 0.22798431106381487, 0.20979973687883643,
    0.18504113759027374, 0.22603601227708303, 0.2689802870019451,
    0.18858192075573801, 0.25640465370799187, 0.30375553680976708,
    0.27080180963447847, 0.34594685042065548, 0.41664224283122614,
    0.37929459583482866, 0.27107091487483576, 0.28920541058005694,
    0.29152618049858348, 0.29304994746594187, 0.25842318665553088,
    0.35134538047964642, 0.31666720374360102, 0.26878162452347953 ]
