%YAML:1.0
---
bHc: !!opencv-matrix
   rows: 4
   cols: 4
   dt: d
   data: [ 0.40928750711184481, -0.28306657348374881,
       -0.86738518058492375, -64502590390775968, 0.28306657348374881,
       0.94314383359003873, -0.17422119313463222, 43204115402250968,
       0.86738518058492375, -0.17422119313463222, 0.46614367352180602,
       -1.6443158777350531e+17, 0., 0., 0., 1. ]
errors:
   rotation_deg: 59.958646960774196
   translation_mm: 1.8183763860248285e+17
