%YAML:1.0
---
workspace_boundaries:
   x_min: 0.2691588763182402
   x_max: 0.4837804677433617
   y_min: -0.54153801487075803
   y_max: -0.38713917119208002
   z_min: 0.79294386354501967
   z_max: 1.4429438635450198
markers:
   - { id:0, position:[ 0.30165547964869455, -0.53153801487075802,
       0.77609620174322491 ] }
   - { id:1, position:[ 0.27915887631824021, -0.43647656033674748,
       0.88715566422211234 ] }
   - { id:2, position:[ 0.45104431895955022, -0.39713917119208003,
       0.88737844109249742 ] }
   - { id:3, position:[ 0.47378046774336169, -0.49493603433368488,
       0.78114514712224414 ] }
