%YAML:1.0
---
workspace_boundaries:
   x_min: 0.32233009287673281
   x_max: 0.51733758687465436
   y_min: -0.40735067208228987
   y_max: -0.22002285745609168
   z_min: 0.72239379856260999
   z_max: 1.37239379856261
height_parameters:
   height_above_markers: 0.59999999999999998
   height_below_markers: 0.029999999999999999
markers:
   - { id:0, position:[ 0.48807528076553464, -0.23002285745609169,
       0.79609859888358447 ], ceiling:[ 0.48807528076553464,
       -0.23002285745609169, 1.37239379856261 ], floor:[
       0.48807528076553464, -0.23002285745609169, 0.72239379856260999 ] }
   - { id:1, position:[ 0.50733758687465436, -0.32975662266710792,
       0.69178065099528585 ], ceiling:[ 0.50733758687465436,
       -0.32975662266710792, 1.37239379856261 ], floor:[
       0.50733758687465436, -0.32975662266710792, 0.72239379856260999 ] }
   - { id:2, position:[ 0.34897471116171902, -0.39735067208228986,
       0.72605417530632033 ], ceiling:[ 0.34897471116171902,
       -0.39735067208228986, 1.37239379856261 ], floor:[
       0.34897471116171902, -0.39735067208228986, 0.72239379856260999 ] }
   - { id:3, position:[ 0.33233009287673282, -0.30079438900771921,
       0.83564176906524912 ], ceiling:[ 0.33233009287673282,
       -0.30079438900771921, 1.37239379856261 ], floor:[
       0.33233009287673282, -0.30079438900771921, 0.72239379856260999 ] }
