%YAML:1.0
---
workspace_boundaries:
   x_min: 0.34409009693267911
   x_max: 0.55168918915535836
   y_min: -0.5286079588156023
   y_max: -0.34975057120491992
   z_min: 0.72304756923582614
   z_max: 1.4977695841047758
height_parameters:
   height_above_markers: 0.59999999999999998
   height_below_markers: 0.029999999999999999
markers:
   - { id:0, position:[ 0.51739256779040743, -0.35975057120491993,
       0.86970252255670832 ], ceiling:[ 0.51739256779040743,
       -0.35975057120491993, 1.4697025225567084 ], floor:[
       0.51739256779040743, -0.35975057120491993, 0.8397025225567083 ] }
   - { id:1, position:[ 0.54168918915535835, -0.45780744345450985,
       0.76304756923582617 ], ceiling:[ 0.54168918915535835,
       -0.45780744345450985, 1.3630475692358262 ], floor:[
       0.54168918915535835, -0.45780744345450985, 0.73304756923582615 ] }
   - { id:2, position:[ 0.3776447916959621, -0.51860795881560229,
       0.78189481743754774 ], ceiling:[ 0.3776447916959621,
       -0.51860795881560229, 1.3818948174375478 ], floor:[
       0.3776447916959621, -0.51860795881560229, 0.75189481743754771 ] }
   - { id:3, position:[ 0.35409009693267912, -0.41953461784922025,
       0.88776958410477569 ], ceiling:[ 0.35409009693267912,
       -0.41953461784922025, 1.4877695841047758 ], floor:[
       0.35409009693267912, -0.41953461784922025, 0.85776958410477566 ] }
