%YAML:1.0
---
workspace_boundaries:
   x_min: 0.31773433110946486
   x_max: 0.50449615573664885
   y_min: -0.38533843025507553
   y_max: -0.19475766618206516
   z_min: -0.17000000000000001
   z_max: 0.47999999999999998
height_parameters:
   height_above_markers: 0.59999999999999998
   height_below_markers: 0.029999999999999999
markers:
   - { id:0, position:[ 0.47793307538562285, -0.20475766618206517,
       0.76938425341819972 ], ceiling:[ 0.47793307538562285,
       -0.20475766618206517, 0.47999999999999998 ], floor:[
       0.47793307538562285, -0.20475766618206517, -0.17000000000000001 ] }
   - { id:1, position:[ 0.49449615573664885, -0.30148643383857199,
       0.6627699107968914 ], ceiling:[ 0.49449615573664885,
       -0.30148643383857199, 0.47999999999999998 ], floor:[
       0.49449615573664885, -0.30148643383857199, -0.17000000000000001 ] }
   - { id:2, position:[ 0.34136157003563267, -0.37533843025507552,
       0.70529127853431883 ], ceiling:[ 0.34136157003563267,
       -0.37533843025507552, 0.47999999999999998 ], floor:[
       0.34136157003563267, -0.37533843025507552, -0.17000000000000001 ] }
   - { id:3, position:[ 0.32773433110946487, -0.28259573893703988,
       0.81822335898098641 ], ceiling:[ 0.32773433110946487,
       -0.28259573893703988, 0.47999999999999998 ], floor:[
       0.32773433110946487, -0.28259573893703988, -0.17000000000000001 ] }
