%YAML:1.0
---
workspace_boundaries:
   x_min: 0.2994482980552407
   x_max: 0.49178522880720776
   y_min: -0.47652325641609827
   y_max: -0.28475697025291752
   z_min: 0.72404740356738451
   z_max: 1.3740474035673846
height_parameters:
   height_above_markers: 0.59999999999999998
   height_below_markers: 0.029999999999999999
markers:
   - { id:0, position:[ 0.46699577565727157, -0.29475697025291753,
       0.79499509547980129 ], ceiling:[ 0.46699577565727157,
       -0.29475697025291753, 1.3740474035673846 ], floor:[
       0.46699577565727157, -0.29475697025291753, 0.72404740356738451 ] }
   - { id:1, position:[ 0.48178522880720775, -0.39831171424913747,
       0.69098223482283694 ], ceiling:[ 0.48178522880720775,
       -0.39831171424913747, 1.3740474035673846 ], floor:[
       0.48178522880720775, -0.39831171424913747, 0.72404740356738451 ] }
   - { id:2, position:[ 0.32149422301791331, -0.46652325641609826,
       0.73316485423656441 ], ceiling:[ 0.32149422301791331,
       -0.46652325641609826, 1.3740474035673846 ], floor:[
       0.32149422301791331, -0.46652325641609826, 0.72404740356738451 ] }
   - { id:3, position:[ 0.30944829805524071, -0.35901284242227471,
       0.83704742973033563 ], ceiling:[ 0.30944829805524071,
       -0.35901284242227471, 1.3740474035673846 ], floor:[
       0.30944829805524071, -0.35901284242227471, 0.72404740356738451 ] }
