%YAML:1.0
---
workspace_boundaries:
   x_min: 0.44467907277741514
   x_max: 0.63171155190429173
   y_min: -0.60898293765349598
   y_max: -0.43542652728656667
   z_min: 0.78342262021404008
   z_max: 0.95730723346672308
markers:
   - { id:0, position:[ 0.45843193706753527, -0.59898293765349597,
       0.82806886040631589 ] }
   - { id:1, position:[ 0.45467907277741515, -0.51231449853996613,
       0.94730723346672308 ] }
   - { id:2, position:[ 0.61257164344120207, -0.44542652728656668,
       0.89805998138497167 ] }
   - { id:3, position:[ 0.62171155190429173, -0.54687776650320752,
       0.79342262021404009 ] }
