%YAML:1.0
---
workspace_boundaries:
   x_min: 0.28027101214358968
   x_max: 0.46407910037458527
   y_min: -0.39137351903488826
   y_max: -0.22013377598289274
   z_min: 0.71131103708203169
   z_max: 1.3613110370820316
height_parameters:
   height_above_markers: 0.59999999999999998
   height_below_markers: 0.029999999999999999
markers:
   - { id:0, position:[ 0.45407910037458526, -0.23013377598289275,
       0.77557898460238928 ], ceiling:[ 0.45407910037458526,
       -0.23013377598289275, 1.3613110370820316 ], floor:[
       0.45407910037458526, -0.23013377598289275, 0.71131103708203169 ] }
   - { id:1, position:[ 0.45326573157174699, -0.33588890074195682,
       0.67627201914021939 ], ceiling:[ 0.45326573157174699,
       -0.33588890074195682, 1.3613110370820316 ], floor:[
       0.45326573157174699, -0.33588890074195682, 0.71131103708203169 ] }
   - { id:2, position:[ 0.29027101214358969, -0.38137351903488825,
       0.72405913805042221 ], ceiling:[ 0.29027101214358969,
       -0.38137351903488825, 1.3613110370820316 ], floor:[
       0.29027101214358969, -0.38137351903488825, 0.71131103708203169 ] }
   - { id:3, position:[ 0.29389156172600372, -0.278898467828329,
       0.82933400653509604 ], ceiling:[ 0.29389156172600372,
       -0.278898467828329, 1.3613110370820316 ], floor:[
       0.29389156172600372, -0.278898467828329, 0.71131103708203169 ] }
